0	0.9999980981817688
1	0.9999980981186165
2	0.9999980980554601
3	0.9999980979922996
4	0.999998097929135
5	0.999998097865966
6	0.9999980978027928
7	0.9999980977396156
8	0.9999980976764341
9	0.9999980976132483
10	0.9999980975500583
11	0.9999980974868643
12	0.999998097423666
13	0.9999980973604635
14	0.9999980972972566
15	0.999998097234046
16	0.9999980971708308
17	0.9999980971076116
18	0.999998097044388
19	0.9999980969811603
20	0.9999980969179283
21	0.9999980968546922
22	0.9999980967914518
23	0.9999980967282074
24	0.9999980966649585
25	0.9999980966017057
26	0.9999980965384486
27	0.9999980964751872
28	0.9999980964119217
29	0.999998096348652
30	0.999998096285378
31	0.9999980962220999
32	0.9999980961588175
33	0.9999980960955309
34	0.9999980960322401
35	0.9999980959689452
36	0.9999980959056459
37	0.9999980958423426
38	0.999998095779035
39	0.9999980957157231
40	0.999998095652407
41	0.9999980955890868
42	0.9999980955257625
43	0.9999980954624337
44	0.9999980953991008
45	0.9999980953357637
46	0.9999980952724224
47	0.9999980952090769
48	0.9999980951457271
49	0.9999980950823733
50	0.9999980950190152
51	0.9999980949556527
52	0.9999980948922862
53	0.9999980948289154
54	0.9999980947655404
55	0.9999980947021611
56	0.9999980946387776
57	0.99999809457539
58	0.9999980945119982
59	0.999998094448602
60	0.9999980943852016
61	0.9999980943217972
62	0.9999980942583883
63	0.9999980941949753
64	0.9999980941315583
65	0.9999980940681368
66	0.9999980940047112
67	0.9999980939412811
68	0.9999980938778471
69	0.9999980938144087
70	0.9999980937509664
71	0.9999980936875196
72	0.9999980936240687
73	0.9999980935606134
74	0.9999980934971541
75	0.9999980934336904
76	0.9999980933702224
77	0.9999980933067503
78	0.9999980932432739
79	0.9999980931797935
80	0.9999980931163087
81	0.9999980930528196
82	0.9999980929893264
83	0.999998092925829
84	0.9999980928623272
85	0.9999980927988213
86	0.9999980927353113
87	0.9999980926717968
88	0.9999980926082782
89	0.9999980925447554
90	0.9999980924812282
91	0.999998092417697
92	0.9999980923541615
93	0.9999980922906215
94	0.9999980922270776
95	0.9999980921635293
96	0.9999980920999768
97	0.9999980920364203
98	0.9999980919728593
99	0.9999980919092942
100	0.9999980918457246
101	0.999998091782151
102	0.9999980917185732
103	0.9999980916549911
104	0.9999980915914047
105	0.9999980915278142
106	0.9999980914642193
107	0.9999980914006201
108	0.999998091337017
109	0.9999980912734093
110	0.9999980912097977
111	0.9999980911461814
112	0.9999980910825612
113	0.9999980910189368
114	0.999998090955308
115	0.999998090891675
116	0.9999980908280378
117	0.9999980907643963
118	0.9999980907007505
119	0.9999980906371005
120	0.9999980905734465
121	0.9999980905097879
122	0.9999980904461253
123	0.9999980903824583
124	0.9999980903187872
125	0.9999980902551117
126	0.999998090191432
127	0.9999980901277482
128	0.9999980900640598
129	0.9999980900003674
130	0.9999980899366708
131	0.9999980898729699
132	0.9999980898092647
133	0.9999980897455554
134	0.9999980896818417
135	0.9999980896181238
136	0.9999980895544016
137	0.9999980894906751
138	0.9999980894269445
139	0.9999980893632096
140	0.9999980892994703
141	0.9999980892357269
142	0.9999980891719794
143	0.9999980891082274
144	0.9999980890444712
145	0.9999980889807107
146	0.999998088916946
147	0.9999980888531772
148	0.9999980887894039
149	0.9999980887256265
150	0.9999980886618447
151	0.9999980885980586
152	0.9999980885342685
153	0.999998088470474
154	0.9999980884066753
155	0.9999980883428722
156	0.9999980882790649
157	0.9999980882152534
158	0.9999980881514375
159	0.9999980880876175
160	0.9999980880237932
161	0.9999980879599646
162	0.9999980878961318
163	0.9999980878322947
164	0.9999980877684533
165	0.9999980877046077
166	0.9999980876407579
167	0.9999980875769038
168	0.9999980875130453
169	0.9999980874491826
170	0.9999980873853158
171	0.9999980873214445
172	0.9999980872575691
173	0.9999980871936892
174	0.9999980871298053
175	0.999998087065917
176	0.9999980870020244
177	0.9999980869381278
178	0.9999980868742266
179	0.9999980868103213
180	0.9999980867464117
181	0.9999980866824978
182	0.9999980866185797
183	0.999998086554657
184	0.9999980864907304
185	0.9999980864267995
186	0.9999980863628642
187	0.9999980862989248
188	0.999998086234981
189	0.9999980861710328
190	0.9999980861070805
191	0.9999980860431239
192	0.999998085979163
193	0.9999980859151979
194	0.9999980858512285
195	0.9999980857872547
196	0.9999980857232768
197	0.9999980856592944
198	0.999998085595308
199	0.9999980855313172
200	0.999998085467322
201	0.9999980854033227
202	0.9999980853393191
203	0.999998085275311
204	0.9999980852112988
205	0.9999980851472823
206	0.9999980850832615
207	0.9999980850192366
208	0.9999980849552073
209	0.9999980848911735
210	0.9999980848271356
211	0.9999980847630935
212	0.9999980846990469
213	0.9999980846349962
214	0.9999980845709413
215	0.999998084506882
216	0.9999980844428182
217	0.9999980843787504
218	0.9999980843146783
219	0.9999980842506018
220	0.999998084186521
221	0.999998084122436
222	0.9999980840583467
223	0.9999980839942532
224	0.9999980839301552
225	0.9999980838660529
226	0.9999980838019464
227	0.9999980837378357
228	0.9999980836737207
229	0.9999980836096014
230	0.9999980835454777
231	0.9999980834813498
232	0.9999980834172175
233	0.999998083353081
234	0.9999980832889404
235	0.9999980832247951
236	0.9999980831606458
237	0.9999980830964921
238	0.9999980830323341
239	0.9999980829681719
240	0.9999980829040053
241	0.9999980828398344
242	0.9999980827756593
243	0.9999980827114798
244	0.999998082647296
245	0.9999980825831079
246	0.9999980825189155
247	0.9999980824547189
248	0.999998082390518
249	0.9999980823263127
250	0.9999980822621032
251	0.9999980821978893
252	0.9999980821336713
253	0.9999980820694487
254	0.999998082005222
255	0.9999980819409909
256	0.9999980818767557
257	0.9999980818125159
258	0.999998081748272
259	0.9999980816840237
260	0.9999980816197712
261	0.9999980815555143
262	0.9999980814912531
263	0.9999980814269877
264	0.9999980813627178
265	0.9999980812984438
266	0.9999980812341654
267	0.9999980811698826
268	0.9999980811055957
269	0.9999980810413044
270	0.9999980809770087
271	0.9999980809127089
272	0.9999980808484046
273	0.999998080784096
274	0.9999980807197832
275	0.9999980806554659
276	0.9999980805911445
277	0.9999980805268187
278	0.9999980804624886
279	0.9999980803981542
280	0.9999980803338154
281	0.9999980802694723
282	0.999998080205125
283	0.9999980801407734
284	0.9999980800764173
285	0.9999980800120571
286	0.9999980799476925
287	0.9999980798833236
288	0.9999980798189503
289	0.9999980797545727
290	0.9999980796901908
291	0.9999980796258046
292	0.9999980795614141
293	0.9999980794970192
294	0.9999980794326201
295	0.9999980793682166
296	0.9999980793038088
297	0.9999980792393967
298	0.9999980791749802
299	0.9999980791105595
300	0.9999980790461344
301	0.999998078981705
302	0.9999980789172713
303	0.9999980788528333
304	0.999998078788391
305	0.9999980787239443
306	0.9999980786594933
307	0.999998078595038
308	0.9999980785305783
309	0.9999980784661143
310	0.999998078401646
311	0.9999980783371734
312	0.9999980782726964
313	0.9999980782082151
314	0.9999980781437294
315	0.9999980780792395
316	0.9999980780147454
317	0.9999980779502465
318	0.9999980778857437
319	0.9999980778212364
320	0.9999980777567249
321	0.9999980776922089
322	0.9999980776276887
323	0.9999980775631642
324	0.9999980774986352
325	0.9999980774341021
326	0.9999980773695644
327	0.9999980773050225
328	0.9999980772404762
329	0.9999980771759256
330	0.9999980771113708
331	0.9999980770468114
332	0.999998076982248
333	0.99999807691768
334	0.9999980768531077
335	0.9999980767885313
336	0.9999980767239502
337	0.9999980766593649
338	0.9999980765947752
339	0.9999980765301814
340	0.999998076465583
341	0.9999980764009805
342	0.9999980763363736
343	0.9999980762717622
344	0.9999980762071466
345	0.9999980761425267
346	0.9999980760779023
347	0.9999980760132736
348	0.9999980759486407
349	0.9999980758840032
350	0.9999980758193616
351	0.9999980757547156
352	0.9999980756900653
353	0.9999980756254105
354	0.9999980755607515
355	0.999998075496088
356	0.9999980754314203
357	0.9999980753667481
358	0.9999980753020717
359	0.9999980752373909
360	0.9999980751727058
361	0.9999980751080162
362	0.9999980750433224
363	0.9999980749786241
364	0.9999980749139217
365	0.9999980748492149
366	0.9999980747845035
367	0.9999980747197881
368	0.999998074655068
369	0.9999980745903438
370	0.9999980745256151
371	0.9999980744608822
372	0.9999980743961447
373	0.999998074331403
374	0.999998074266657
375	0.9999980742019066
376	0.9999980741371519
377	0.9999980740723928
378	0.9999980740076292
379	0.9999980739428614
380	0.9999980738780894
381	0.9999980738133128
382	0.9999980737485319
383	0.9999980736837466
384	0.999998073618957
385	0.999998073554163
386	0.9999980734893648
387	0.9999980734245619
388	0.9999980733597549
389	0.9999980732949436
390	0.9999980732301278
391	0.9999980731653076
392	0.9999980731004832
393	0.9999980730356544
394	0.999998072970821
395	0.9999980729059834
396	0.9999980728411416
397	0.9999980727762953
398	0.9999980727114446
399	0.9999980726465896
400	0.9999980725817302
401	0.9999980725168663
402	0.9999980724519982
403	0.9999980723871257
404	0.9999980723222489
405	0.9999980722573676
406	0.9999980721924822
407	0.9999980721275922
408	0.9999980720626978
409	0.999998071997799
410	0.999998071932896
411	0.9999980718679885
412	0.9999980718030768
413	0.9999980717381606
414	0.9999980716732401
415	0.9999980716083151
416	0.9999980715433858
417	0.9999980714784522
418	0.9999980714135142
419	0.9999980713485717
420	0.9999980712836248
421	0.9999980712186737
422	0.9999980711537181
423	0.9999980710887582
424	0.999998071023794
425	0.9999980709588252
426	0.9999980708938522
427	0.9999980708288747
428	0.999998070763893
429	0.9999980706989069
430	0.9999980706339162
431	0.9999980705689214
432	0.9999980705039221
433	0.9999980704389183
434	0.9999980703739103
435	0.9999980703088978
436	0.999998070243881
437	0.9999980701788597
438	0.9999980701138341
439	0.9999980700488041
440	0.9999980699837698
441	0.9999980699187311
442	0.999998069853688
443	0.9999980697886404
444	0.9999980697235885
445	0.9999980696585322
446	0.9999980695934717
447	0.9999980695284065
448	0.999998069463337
449	0.9999980693982634
450	0.999998069333185
451	0.9999980692681025
452	0.9999980692030155
453	0.9999980691379242
454	0.9999980690728283
455	0.9999980690077281
456	0.9999980689426236
457	0.9999980688775147
458	0.9999980688124015
459	0.9999980687472837
460	0.9999980686821616
461	0.9999980686170351
462	0.9999980685519043
463	0.999998068486769
464	0.9999980684216292
465	0.9999980683564852
466	0.9999980682913368
467	0.9999980682261839
468	0.9999980681610265
469	0.999998068095865
470	0.999998068030699
471	0.9999980679655285
472	0.9999980679003536
473	0.9999980678351744
474	0.9999980677699909
475	0.9999980677048028
476	0.9999980676396103
477	0.9999980675744135
478	0.9999980675092123
479	0.9999980674440067
480	0.9999980673787966
481	0.9999980673135822
482	0.9999980672483633
483	0.9999980671831401
484	0.9999980671179125
485	0.9999980670526804
486	0.9999980669874441
487	0.999998066922203
488	0.9999980668569579
489	0.9999980667917082
490	0.9999980667264541
491	0.9999980666611957
492	0.9999980665959328
493	0.9999980665306656
494	0.9999980664653939
495	0.9999980664001178
496	0.9999980663348373
497	0.9999980662695523
498	0.9999980662042631
499	0.9999980661389695
500	0.9999980660736713
501	0.9999980660083687
502	0.9999980659430617
503	0.9999980658777504
504	0.9999980658124346
505	0.9999980657471144
506	0.9999980656817897
507	0.9999980656164608
508	0.9999980655511275
509	0.9999980654857895
510	0.9999980654204473
511	0.9999980653551007
512	0.9999980652897494
513	0.9999980652243942
514	0.9999980651590342
515	0.9999980650936698
516	0.999998065028301
517	0.999998064962928
518	0.9999980648975504
519	0.9999980648321682
520	0.9999980647667819
521	0.9999980647013911
522	0.9999980646359959
523	0.9999980645705963
524	0.999998064505192
525	0.9999980644397837
526	0.9999980643743706
527	0.9999980643089533
528	0.9999980642435315
529	0.9999980641781053
530	0.9999980641126748
531	0.9999980640472397
532	0.9999980639818001
533	0.9999980639163564
534	0.9999980638509081
535	0.9999980637854554
536	0.9999980637199981
537	0.9999980636545366
538	0.9999980635890704
539	0.9999980635236
540	0.9999980634581251
541	0.9999980633926459
542	0.9999980633271621
543	0.999998063261674
544	0.9999980631961813
545	0.9999980631306843
546	0.999998063065183
547	0.9999980629996771
548	0.9999980629341667
549	0.9999980628686521
550	0.9999980628031329
551	0.9999980627376093
552	0.9999980626720811
553	0.9999980626065488
554	0.999998062541012
555	0.9999980624754705
556	0.9999980624099247
557	0.9999980623443746
558	0.99999806227882
559	0.9999980622132608
560	0.9999980621476973
561	0.9999980620821294
562	0.999998062016557
563	0.9999980619509802
564	0.999998061885399
565	0.9999980618198133
566	0.9999980617542231
567	0.9999980616886286
568	0.9999980616230296
569	0.9999980615574261
570	0.9999980614918182
571	0.999998061426206
572	0.999998061360589
573	0.9999980612949677
574	0.9999980612293421
575	0.999998061163712
576	0.9999980610980774
577	0.9999980610324385
578	0.9999980609667951
579	0.9999980609011472
580	0.9999980608354949
581	0.999998060769838
582	0.9999980607041768
583	0.9999980606385112
584	0.9999980605728411
585	0.9999980605071664
586	0.9999980604414875
587	0.9999980603758041
588	0.9999980603101161
589	0.9999980602444238
590	0.9999980601787269
591	0.9999980601130258
592	0.9999980600473201
593	0.9999980599816098
594	0.9999980599158952
595	0.9999980598501762
596	0.9999980597844527
597	0.9999980597187247
598	0.9999980596529923
599	0.9999980595872554
600	0.9999980595215141
601	0.9999980594557683
602	0.9999980593900181
603	0.9999980593242634
604	0.9999980592585042
605	0.9999980591927407
606	0.9999980591269725
607	0.9999980590612
608	0.9999980589954229
609	0.9999980589296414
610	0.9999980588638556
611	0.9999980587980652
612	0.9999980587322704
613	0.9999980586664713
614	0.9999980586006674
615	0.9999980585348593
616	0.9999980584690465
617	0.9999980584032294
618	0.999998058337408
619	0.999998058271582
620	0.9999980582057513
621	0.9999980581399164
622	0.9999980580740769
623	0.9999980580082329
624	0.9999980579423847
625	0.9999980578765318
626	0.9999980578106745
627	0.9999980577448128
628	0.9999980576789466
629	0.9999980576130759
630	0.9999980575472006
631	0.999998057481321
632	0.999998057415437
633	0.9999980573495484
634	0.9999980572836553
635	0.9999980572177577
636	0.9999980571518557
637	0.9999980570859495
638	0.9999980570200384
639	0.999998056954123
640	0.9999980568882032
641	0.9999980568222788
642	0.9999980567563499
643	0.9999980566904167
644	0.9999980566244789
645	0.9999980565585367
646	0.99999805649259
647	0.9999980564266386
648	0.9999980563606831
649	0.9999980562947229
650	0.9999980562287583
651	0.9999980561627891
652	0.9999980560968157
653	0.9999980560308375
654	0.9999980559648551
655	0.999998055898868
656	0.9999980558328766
657	0.9999980557668805
658	0.9999980557008802
659	0.9999980556348752
660	0.9999980555688658
661	0.9999980555028519
662	0.9999980554368334
663	0.9999980553708107
664	0.9999980553047833
665	0.9999980552387515
666	0.999998055172715
667	0.9999980551066744
668	0.999998055040629
669	0.9999980549745793
670	0.9999980549085249
671	0.9999980548424663
672	0.999998054776403
673	0.9999980547103353
674	0.9999980546442632
675	0.9999980545781864
676	0.9999980545121051
677	0.9999980544460195
678	0.9999980543799294
679	0.9999980543138347
680	0.9999980542477355
681	0.9999980541816319
682	0.9999980541155239
683	0.9999980540494112
684	0.9999980539832941
685	0.9999980539171726
686	0.9999980538510463
687	0.9999980537849157
688	0.9999980537187807
689	0.9999980536526412
690	0.9999980535864971
691	0.9999980535203484
692	0.9999980534541952
693	0.9999980533880378
694	0.9999980533218757
695	0.9999980532557092
696	0.999998053189538
697	0.9999980531233625
698	0.9999980530571825
699	0.999998052990998
700	0.9999980529248089
701	0.9999980528586154
702	0.9999980527924173
703	0.9999980527262147
704	0.9999980526600076
705	0.9999980525937961
706	0.99999805252758
707	0.9999980524613594
708	0.9999980523951345
709	0.9999980523289048
710	0.9999980522626708
711	0.9999980521964321
712	0.999998052130189
713	0.9999980520639414
714	0.9999980519976894
715	0.9999980519314328
716	0.9999980518651715
717	0.999998051798906
718	0.9999980517326359
719	0.9999980516663614
720	0.9999980516000821
721	0.9999980515337985
722	0.9999980514675102
723	0.9999980514012174
724	0.9999980513349204
725	0.9999980512686187
726	0.9999980512023126
727	0.9999980511360017
728	0.9999980510696865
729	0.9999980510033667
730	0.9999980509370425
731	0.9999980508707137
732	0.9999980508043804
733	0.9999980507380426
734	0.9999980506717003
735	0.9999980506053534
736	0.999998050539002
737	0.9999980504726462
738	0.9999980504062858
739	0.9999980503399208
740	0.9999980502735514
741	0.9999980502071775
742	0.999998050140799
743	0.999998050074416
744	0.9999980500080285
745	0.9999980499416365
746	0.99999804987524
747	0.9999980498088389
748	0.9999980497424332
749	0.9999980496760232
750	0.9999980496096086
751	0.9999980495431895
752	0.9999980494767657
753	0.9999980494103377
754	0.9999980493439048
755	0.9999980492774676
756	0.9999980492110258
757	0.9999980491445795
758	0.9999980490781285
759	0.9999980490116732
760	0.9999980489452134
761	0.999998048878749
762	0.9999980488122799
763	0.9999980487458066
764	0.9999980486793285
765	0.9999980486128459
766	0.9999980485463589
767	0.9999980484798673
768	0.9999980484133713
769	0.9999980483468706
770	0.9999980482803654
771	0.9999980482138556
772	0.9999980481473414
773	0.9999980480808226
774	0.9999980480142991
775	0.9999980479477715
776	0.9999980478812389
777	0.9999980478147021
778	0.9999980477481606
779	0.9999980476816145
780	0.9999980476150641
781	0.999998047548509
782	0.9999980474819494
783	0.9999980474153852
784	0.9999980473488165
785	0.9999980472822433
786	0.9999980472156655
787	0.9999980471490832
788	0.9999980470824964
789	0.999998047015905
790	0.999998046949309
791	0.9999980468827085
792	0.9999980468161035
793	0.999998046749494
794	0.99999804668288
795	0.9999980466162611
796	0.999998046549638
797	0.9999980464830104
798	0.9999980464163781
799	0.9999980463497412
800	0.9999980462830999
801	0.9999980462164539
802	0.9999980461498034
803	0.9999980460831486
804	0.9999980460164889
805	0.9999980459498248
806	0.9999980458831561
807	0.999998045816483
808	0.9999980457498052
809	0.9999980456831228
810	0.9999980456164359
811	0.9999980455497447
812	0.9999980454830486
813	0.9999980454163481
814	0.9999980453496431
815	0.9999980452829335
816	0.9999980452162193
817	0.9999980451495005
818	0.9999980450827772
819	0.9999980450160494
820	0.999998044949317
821	0.99999804488258
822	0.9999980448158385
823	0.9999980447490925
824	0.9999980446823419
825	0.9999980446155867
826	0.999998044548827
827	0.9999980444820626
828	0.9999980444152938
829	0.9999980443485204
830	0.9999980442817424
831	0.99999804421496
832	0.9999980441481728
833	0.9999980440813813
834	0.9999980440145849
835	0.9999980439477842
836	0.9999980438809788
837	0.9999980438141689
838	0.9999980437473543
839	0.9999980436805355
840	0.9999980436137118
841	0.9999980435468836
842	0.999998043480051
843	0.9999980434132137
844	0.9999980433463718
845	0.9999980432795255
846	0.9999980432126743
847	0.9999980431458189
848	0.9999980430789587
849	0.999998043012094
850	0.9999980429452248
851	0.9999980428783508
852	0.9999980428114724
853	0.9999980427445895
854	0.9999980426777019
855	0.9999980426108098
856	0.9999980425439131
857	0.9999980424770119
858	0.9999980424101059
859	0.9999980423431956
860	0.9999980422762805
861	0.999998042209361
862	0.9999980421424369
863	0.9999980420755082
864	0.9999980420085749
865	0.999998041941637
866	0.9999980418746945
867	0.9999980418077475
868	0.999998041740796
869	0.9999980416738397
870	0.999998041606879
871	0.9999980415399137
872	0.9999980414729437
873	0.9999980414059694
874	0.9999980413389902
875	0.9999980412720065
876	0.9999980412050182
877	0.9999980411380255
878	0.999998041071028
879	0.999998041004026
880	0.9999980409370195
881	0.9999980408700084
882	0.9999980408029926
883	0.9999980407359723
884	0.9999980406689474
885	0.9999980406019179
886	0.9999980405348837
887	0.9999980404678451
888	0.9999980404008019
889	0.9999980403337541
890	0.9999980402667016
891	0.9999980401996447
892	0.999998040132583
893	0.9999980400655167
894	0.9999980399984459
895	0.9999980399313706
896	0.9999980398642907
897	0.999998039797206
898	0.9999980397301169
899	0.9999980396630231
900	0.9999980395959248
901	0.9999980395288218
902	0.9999980394617144
903	0.9999980393946022
904	0.9999980393274854
905	0.9999980392603641
906	0.9999980391932383
907	0.9999980391261079
908	0.9999980390589727
909	0.999998038991833
910	0.9999980389246887
911	0.9999980388575399
912	0.9999980387903864
913	0.9999980387232282
914	0.9999980386560655
915	0.9999980385888984
916	0.9999980385217263
917	0.9999980384545498
918	0.9999980383873688
919	0.9999980383201831
920	0.9999980382529927
921	0.999998038185798
922	0.9999980381185984
923	0.9999980380513942
924	0.9999980379841855
925	0.9999980379169723
926	0.9999980378497544
927	0.9999980377825318
928	0.9999980377153047
929	0.9999980376480729
930	0.9999980375808365
931	0.9999980375135957
932	0.9999980374463501
933	0.9999980373791
934	0.999998037311845
935	0.9999980372445857
936	0.9999980371773217
937	0.9999980371100531
938	0.9999980370427799
939	0.999998036975502
940	0.9999980369082195
941	0.9999980368409327
942	0.999998036773641
943	0.9999980367063446
944	0.9999980366390437
945	0.9999980365717381
946	0.9999980365044281
947	0.9999980364371133
948	0.999998036369794
949	0.9999980363024701
950	0.9999980362351415
951	0.9999980361678084
952	0.9999980361004703
953	0.9999980360331279
954	0.9999980359657809
955	0.9999980358984292
956	0.9999980358310728
957	0.9999980357637119
958	0.9999980356963466
959	0.9999980356289764
960	0.9999980355616016
961	0.9999980354942222
962	0.9999980354268381
963	0.9999980353594494
964	0.9999980352920562
965	0.9999980352246584
966	0.9999980351572557
967	0.9999980350898485
968	0.9999980350224369
969	0.9999980349550205
970	0.9999980348875994
971	0.9999980348201737
972	0.9999980347527436
973	0.9999980346853087
974	0.9999980346178691
975	0.9999980345504249
976	0.9999980344829762
977	0.9999980344155228
978	0.9999980343480647
979	0.999998034280602
980	0.9999980342131347
981	0.9999980341456627
982	0.9999980340781861
983	0.999998034010705
984	0.9999980339432191
985	0.9999980338757286
986	0.9999980338082336
987	0.9999980337407338
988	0.9999980336732295
989	0.9999980336057206
990	0.9999980335382068
991	0.9999980334706886
992	0.9999980334031657
993	0.9999980333356381
994	0.999998033268106
995	0.9999980332005691
996	0.9999980331330276
997	0.9999980330654816
998	0.9999980329979308
999	0.9999980329303754
0	0.9999980328628154
1	0.9999980327952507
2	0.9999980327276814
3	0.9999980326601076
4	0.9999980325925288
5	0.9999980325249457
6	0.9999980324573576
7	0.9999980323897653
8	0.999998032322168
9	0.9999980322545662
10	0.9999980321869599
11	0.9999980321193488
12	0.9999980320517329
13	0.9999980319841125
14	0.9999980319164875
15	0.9999980318488577
16	0.9999980317812235
17	0.9999980317135845
18	0.9999980316459408
19	0.9999980315782927
20	0.9999980315106396
21	0.999998031442982
22	0.9999980313753198
23	0.9999980313076529
24	0.9999980312399814
25	0.9999980311723052
26	0.9999980311046244
27	0.9999980310369389
28	0.9999980309692488
29	0.999998030901554
30	0.9999980308338545
31	0.9999980307661503
32	0.9999980306984417
33	0.9999980306307282
34	0.9999980305630101
35	0.9999980304952873
36	0.9999980304275601
37	0.9999980303598279
38	0.9999980302920912
39	0.9999980302243499
40	0.9999980301566038
41	0.999998030088853
42	0.9999980300210978
43	0.9999980299533378
44	0.9999980298855731
45	0.9999980298178037
46	0.9999980297500298
47	0.999998029682251
48	0.9999980296144677
49	0.9999980295466797
50	0.999998029478887
51	0.9999980294110898
52	0.9999980293432877
53	0.9999980292754811
54	0.9999980292076698
55	0.9999980291398538
56	0.9999980290720333
57	0.9999980290042079
58	0.9999980289363779
59	0.9999980288685433
60	0.9999980288007038
61	0.9999980287328599
62	0.9999980286650112
63	0.9999980285971579
64	0.9999980285293
65	0.9999980284614373
66	0.9999980283935699
67	0.9999980283256978
68	0.9999980282578212
69	0.9999980281899398
70	0.9999980281220537
71	0.999998028054163
72	0.9999980279862677
73	0.9999980279183676
74	0.9999980278504628
75	0.9999980277825534
76	0.9999980277146392
77	0.9999980276467204
78	0.999998027578797
79	0.9999980275108689
80	0.999998027442936
81	0.9999980273749987
82	0.9999980273070563
83	0.9999980272391096
84	0.999998027171158
85	0.9999980271032018
86	0.999998027035241
87	0.9999980269672754
88	0.9999980268993052
89	0.9999980268313302
90	0.9999980267633506
91	0.9999980266953662
92	0.9999980266273772
93	0.9999980265593835
94	0.9999980264913851
95	0.9999980264233821
96	0.9999980263553745
97	0.999998026287362
98	0.9999980262193447
99	0.999998026151323
100	0.9999980260832966
101	0.9999980260152654
102	0.9999980259472295
103	0.999998025879189
104	0.9999980258111437
105	0.9999980257430937
106	0.999998025675039
107	0.9999980256069798
108	0.9999980255389157
109	0.999998025470847
110	0.9999980254027737
111	0.9999980253346956
112	0.9999980252666129
113	0.9999980251985252
114	0.9999980251304332
115	0.9999980250623363
116	0.9999980249942347
117	0.9999980249261285
118	0.9999980248580175
119	0.9999980247899017
120	0.9999980247217815
121	0.9999980246536565
122	0.9999980245855267
123	0.9999980245173922
124	0.9999980244492529
125	0.9999980243811091
126	0.9999980243129607
127	0.9999980242448074
128	0.9999980241766493
129	0.9999980241084866
130	0.9999980240403193
131	0.9999980239721472
132	0.9999980239039704
133	0.9999980238357891
134	0.9999980237676028
135	0.9999980236994118
136	0.9999980236312164
137	0.9999980235630159
138	0.999998023494811
139	0.9999980234266012
140	0.9999980233583868
141	0.9999980232901677
142	0.9999980232219438
143	0.9999980231537152
144	0.999998023085482
145	0.9999980230172439
146	0.9999980229490013
147	0.9999980228807539
148	0.9999980228125018
149	0.999998022744245
150	0.9999980226759835
151	0.9999980226077173
152	0.9999980225394461
153	0.9999980224711706
154	0.9999980224028903
155	0.999998022334605
156	0.9999980222663152
157	0.9999980221980208
158	0.9999980221297216
159	0.9999980220614174
160	0.9999980219931087
161	0.9999980219247955
162	0.9999980218564773
163	0.9999980217881543
164	0.9999980217198268
165	0.9999980216514947
166	0.9999980215831576
167	0.9999980215148158
168	0.9999980214464693
169	0.9999980213781181
170	0.9999980213097622
171	0.9999980212414017
172	0.9999980211730364
173	0.9999980211046663
174	0.9999980210362915
175	0.999998020967912
176	0.9999980208995278
177	0.9999980208311388
178	0.999998020762745
179	0.9999980206943465
180	0.9999980206259435
181	0.9999980205575356
182	0.9999980204891229
183	0.9999980204207056
184	0.9999980203522835
185	0.9999980202838568
186	0.9999980202154252
187	0.999998020146989
188	0.999998020078548
189	0.9999980200101022
190	0.9999980199416518
191	0.9999980198731967
192	0.9999980198047367
193	0.9999980197362722
194	0.9999980196678027
195	0.9999980195993285
196	0.9999980195308497
197	0.9999980194623661
198	0.9999980193938778
199	0.9999980193253848
200	0.9999980192568869
201	0.9999980191883844
202	0.9999980191198771
203	0.9999980190513651
204	0.9999980189828483
205	0.9999980189143269
206	0.9999980188458006
207	0.9999980187772697
208	0.999998018708734
209	0.9999980186401934
210	0.9999980185716483
211	0.9999980185030982
212	0.9999980184345436
213	0.9999980183659842
214	0.99999801829742
215	0.9999980182288511
216	0.9999980181602774
217	0.999998018091699
218	0.9999980180231159
219	0.999998017954528
220	0.9999980178859352
221	0.9999980178173379
222	0.9999980177487358
223	0.9999980176801287
224	0.9999980176115172
225	0.9999980175429007
226	0.9999980174742795
227	0.9999980174056537
228	0.9999980173370231
229	0.9999980172683878
230	0.9999980171997475
231	0.9999980171311026
232	0.9999980170624531
233	0.9999980169937985
234	0.9999980169251393
235	0.9999980168564754
236	0.9999980167878069
237	0.9999980167191335
238	0.9999980166504552
239	0.9999980165817722
240	0.9999980165130845
241	0.9999980164443921
242	0.9999980163756949
243	0.9999980163069929
244	0.9999980162382862
245	0.9999980161695747
246	0.9999980161008584
247	0.9999980160321374
248	0.9999980159634116
249	0.9999980158946811
250	0.9999980158259458
251	0.9999980157572057
252	0.9999980156884608
253	0.9999980156197114
254	0.9999980155509569
255	0.9999980154821979
256	0.999998015413434
257	0.9999980153446653
258	0.9999980152758919
259	0.9999980152071136
260	0.9999980151383308
261	0.9999980150695431
262	0.9999980150007506
263	0.9999980149319534
264	0.9999980148631514
265	0.9999980147943446
266	0.999998014725533
267	0.9999980146567167
268	0.9999980145878955
269	0.9999980145190696
270	0.9999980144502391
271	0.9999980143814036
272	0.9999980143125635
273	0.9999980142437184
274	0.9999980141748687
275	0.9999980141060143
276	0.9999980140371549
277	0.9999980139682909
278	0.9999980138994221
279	0.9999980138305485
280	0.9999980137616701
281	0.9999980136927868
282	0.999998013623899
283	0.9999980135550062
284	0.9999980134861086
285	0.9999980134172064
286	0.9999980133482993
287	0.9999980132793875
288	0.9999980132104708
289	0.9999980131415495
290	0.9999980130726233
291	0.9999980130036923
292	0.9999980129347565
293	0.9999980128658159
294	0.9999980127968707
295	0.9999980127279207
296	0.9999980126589657
297	0.999998012590006
298	0.9999980125210416
299	0.9999980124520723
300	0.9999980123830984
301	0.9999980123141194
302	0.999998012245136
303	0.9999980121761475
304	0.9999980121071543
305	0.9999980120381563
306	0.9999980119691536
307	0.999998011900146
308	0.9999980118311336
309	0.9999980117621166
310	0.9999980116930945
311	0.999998011624068
312	0.9999980115550363
313	0.9999980114860001
314	0.999998011416959
315	0.9999980113479131
316	0.9999980112788625
317	0.9999980112098069
318	0.9999980111407466
319	0.9999980110716815
320	0.9999980110026118
321	0.999998010933537
322	0.9999980108644576
323	0.9999980107953732
324	0.9999980107262842
325	0.9999980106571903
326	0.9999980105880917
327	0.9999980105189882
328	0.99999801044988
329	0.999998010380767
330	0.999998010311649
331	0.9999980102425264
332	0.999998010173399
333	0.9999980101042666
334	0.9999980100351296
335	0.9999980099659876
336	0.9999980098968408
337	0.9999980098276894
338	0.9999980097585331
339	0.999998009689372
340	0.999998009620206
341	0.9999980095510355
342	0.9999980094818599
343	0.9999980094126795
344	0.9999980093434945
345	0.9999980092743044
346	0.9999980092051096
347	0.9999980091359101
348	0.9999980090667057
349	0.9999980089974964
350	0.9999980089282825
351	0.9999980088590636
352	0.9999980087898399
353	0.9999980087206116
354	0.9999980086513782
355	0.9999980085821402
356	0.9999980085128973
357	0.9999980084436496
358	0.999998008374397
359	0.9999980083051396
360	0.9999980082358777
361	0.9999980081666107
362	0.9999980080973389
363	0.9999980080280623
364	0.9999980079587808
365	0.9999980078894946
366	0.9999980078202035
367	0.9999980077509076
368	0.9999980076816067
369	0.9999980076123013
370	0.999998007542991
371	0.9999980074736758
372	0.9999980074043557
373	0.9999980073350311
374	0.9999980072657013
375	0.9999980071963668
376	0.9999980071270276
377	0.9999980070576835
378	0.9999980069883345
379	0.9999980069189807
380	0.9999980068496221
381	0.9999980067802587
382	0.9999980067108905
383	0.9999980066415173
384	0.9999980065721394
385	0.9999980065027568
386	0.9999980064333691
387	0.9999980063639767
388	0.9999980062945795
389	0.9999980062251773
390	0.9999980061557705
391	0.9999980060863588
392	0.9999980060169422
393	0.999998005947521
394	0.9999980058780946
395	0.9999980058086635
396	0.9999980057392277
397	0.999998005669787
398	0.9999980056003415
399	0.9999980055308909
400	0.9999980054614357
401	0.9999980053919757
402	0.9999980053225107
403	0.999998005253041
404	0.9999980051835663
405	0.9999980051140869
406	0.9999980050446027
407	0.9999980049751136
408	0.9999980049056195
409	0.9999980048361207
410	0.999998004766617
411	0.9999980046971085
412	0.9999980046275952
413	0.9999980045580772
414	0.9999980044885541
415	0.9999980044190262
416	0.9999980043494935
417	0.999998004279956
418	0.9999980042104136
419	0.9999980041408663
420	0.9999980040713143
421	0.9999980040017574
422	0.9999980039321956
423	0.9999980038626288
424	0.9999980037930575
425	0.9999980037234811
426	0.9999980036538999
427	0.9999980035843139
428	0.9999980035147229
429	0.9999980034451272
430	0.9999980033755267
431	0.9999980033059213
432	0.9999980032363109
433	0.9999980031666957
434	0.9999980030970756
435	0.9999980030274508
436	0.9999980029578212
437	0.9999980028881866
438	0.9999980028185472
439	0.9999980027489029
440	0.9999980026792538
441	0.9999980026095997
442	0.999998002539941
443	0.9999980024702773
444	0.9999980024006085
445	0.9999980023309352
446	0.9999980022612569
447	0.9999980021915738
448	0.9999980021218857
449	0.9999980020521928
450	0.999998001982495
451	0.9999980019127924
452	0.9999980018430851
453	0.9999980017733727
454	0.9999980017036555
455	0.9999980016339335
456	0.9999980015642065
457	0.9999980014944747
458	0.999998001424738
459	0.9999980013549966
460	0.9999980012852502
461	0.999998001215499
462	0.9999980011457427
463	0.9999980010759818
464	0.9999980010062158
465	0.9999980009364451
466	0.9999980008666695
467	0.9999980007968889
468	0.9999980007271037
469	0.9999980006573134
470	0.9999980005875183
471	0.9999980005177184
472	0.9999980004479135
473	0.9999980003781038
474	0.9999980003082892
475	0.9999980002384697
476	0.9999980001686454
477	0.9999980000988162
478	0.9999980000289821
479	0.9999979999591432
480	0.9999979998892994
481	0.9999979998194507
482	0.9999979997495969
483	0.9999979996797386
484	0.9999979996098751
485	0.999997999540007
486	0.9999979994701338
487	0.9999979994002558
488	0.9999979993303728
489	0.999997999260485
490	0.9999979991905924
491	0.999997999120695
492	0.9999979990507926
493	0.9999979989808851
494	0.999997998910973
495	0.9999979988410559
496	0.999997998771134
497	0.999997998701207
498	0.9999979986312754
499	0.9999979985613388
500	0.9999979984913973
501	0.9999979984214508
502	0.9999979983514995
503	0.9999979982815435
504	0.9999979982115824
505	0.9999979981416163
506	0.9999979980716455
507	0.9999979980016698
508	0.9999979979316891
509	0.9999979978617035
510	0.9999979977917133
511	0.9999979977217179
512	0.9999979976517176
513	0.9999979975817125
514	0.9999979975117026
515	0.9999979974416877
516	0.999997997371668
517	0.9999979973016432
518	0.9999979972316136
519	0.9999979971615791
520	0.9999979970915398
521	0.9999979970214955
522	0.9999979969514463
523	0.9999979968813923
524	0.9999979968113332
525	0.9999979967412694
526	0.9999979966712007
527	0.9999979966011269
528	0.9999979965310484
529	0.999997996460965
530	0.9999979963908766
531	0.9999979963207832
532	0.999997996250685
533	0.999997996180582
534	0.9999979961104738
535	0.999997996040361
536	0.9999979959702432
537	0.9999979959001204
538	0.9999979958299928
539	0.9999979957598603
540	0.9999979956897228
541	0.9999979956195806
542	0.9999979955494331
543	0.9999979954792811
544	0.9999979954091239
545	0.9999979953389619
546	0.9999979952687951
547	0.9999979951986232
548	0.9999979951284466
549	0.9999979950582648
550	0.9999979949880783
551	0.9999979949178869
552	0.9999979948476905
553	0.9999979947774892
554	0.9999979947072829
555	0.9999979946370717
556	0.9999979945668557
557	0.9999979944966347
558	0.9999979944264089
559	0.9999979943561781
560	0.9999979942859424
561	0.9999979942157017
562	0.9999979941454561
563	0.9999979940752056
564	0.9999979940049503
565	0.9999979939346898
566	0.9999979938644248
567	0.9999979937941544
568	0.9999979937238794
569	0.9999979936535993
570	0.9999979935833144
571	0.9999979935130245
572	0.9999979934427299
573	0.9999979933724301
574	0.9999979933021255
575	0.9999979932318158
576	0.9999979931615013
577	0.999997993091182
578	0.9999979930208575
579	0.9999979929505284
580	0.9999979928801941
581	0.999997992809855
582	0.9999979927395108
583	0.999997992669162
584	0.9999979925988078
585	0.9999979925284491
586	0.9999979924580853
587	0.9999979923877166
588	0.9999979923173429
589	0.9999979922469643
590	0.9999979921765808
591	0.9999979921061923
592	0.999997992035799
593	0.9999979919654006
594	0.9999979918949974
595	0.999997991824589
596	0.9999979917541759
597	0.9999979916837578
598	0.9999979916133349
599	0.9999979915429069
600	0.999997991472474
601	0.9999979914020362
602	0.9999979913315934
603	0.9999979912611456
604	0.999997991190693
605	0.9999979911202355
606	0.9999979910497729
607	0.9999979909793054
608	0.9999979909088329
609	0.9999979908383555
610	0.9999979907678732
611	0.9999979906973859
612	0.9999979906268938
613	0.9999979905563966
614	0.9999979904858946
615	0.9999979904153874
616	0.9999979903448755
617	0.9999979902743583
618	0.9999979902038366
619	0.9999979901333097
620	0.9999979900627778
621	0.9999979899922411
622	0.9999979899216993
623	0.9999979898511528
624	0.9999979897806011
625	0.9999979897100446
626	0.999997989639483
627	0.9999979895689167
628	0.9999979894983452
629	0.9999979894277689
630	0.9999979893571875
631	0.9999979892866012
632	0.9999979892160099
633	0.9999979891454138
634	0.9999979890748127
635	0.9999979890042066
636	0.9999979889335955
637	0.9999979888629794
638	0.9999979887923585
639	0.9999979887217325
640	0.9999979886511017
641	0.9999979885804657
642	0.9999979885098248
643	0.9999979884391791
644	0.9999979883685284
645	0.9999979882978727
646	0.999997988227212
647	0.9999979881565463
648	0.9999979880858756
649	0.9999979880152001
650	0.9999979879445197
651	0.9999979878738341
652	0.9999979878031436
653	0.9999979877324482
654	0.9999979876617476
655	0.9999979875910424
656	0.9999979875203321
657	0.9999979874496168
658	0.9999979873788966
659	0.9999979873081712
660	0.9999979872374409
661	0.9999979871667057
662	0.9999979870959657
663	0.9999979870252204
664	0.9999979869544703
665	0.9999979868837152
666	0.9999979868129552
667	0.9999979867421901
668	0.9999979866714203
669	0.9999979866006452
670	0.9999979865298652
671	0.9999979864590802
672	0.9999979863882904
673	0.9999979863174954
674	0.9999979862466956
675	0.9999979861758906
676	0.9999979861050808
677	0.999997986034266
678	0.9999979859634464
679	0.9999979858926216
680	0.9999979858217917
681	0.9999979857509571
682	0.9999979856801172
683	0.9999979856092727
684	0.999997985538423
685	0.9999979854675682
686	0.9999979853967086
687	0.9999979853258439
688	0.9999979852549744
689	0.9999979851840998
690	0.9999979851132201
691	0.9999979850423356
692	0.999997984971446
693	0.9999979849005514
694	0.999997984829652
695	0.9999979847587475
696	0.9999979846878378
697	0.9999979846169232
698	0.9999979845460039
699	0.9999979844750794
700	0.9999979844041498
701	0.9999979843332154
702	0.9999979842622758
703	0.9999979841913315
704	0.999997984120382
705	0.9999979840494276
706	0.9999979839784681
707	0.9999979839075037
708	0.9999979838365342
709	0.9999979837655597
710	0.9999979836945804
711	0.9999979836235958
712	0.9999979835526065
713	0.999997983481612
714	0.9999979834106126
715	0.9999979833396082
716	0.9999979832685987
717	0.9999979831975844
718	0.9999979831265648
719	0.9999979830555404
720	0.9999979829845109
721	0.9999979829134766
722	0.9999979828424371
723	0.9999979827713927
724	0.9999979827003432
725	0.9999979826292887
726	0.9999979825582294
727	0.9999979824871649
728	0.9999979824160954
729	0.999997982345021
730	0.9999979822739413
731	0.999997982202857
732	0.9999979821317673
733	0.9999979820606729
734	0.9999979819895732
735	0.9999979819184689
736	0.9999979818473592
737	0.9999979817762447
738	0.9999979817051251
739	0.9999979816340004
740	0.9999979815628709
741	0.9999979814917364
742	0.9999979814205967
743	0.9999979813494522
744	0.9999979812783024
745	0.9999979812071479
746	0.9999979811359881
747	0.9999979810648234
748	0.9999979809936537
749	0.9999979809224789
750	0.9999979808512992
751	0.9999979807801145
752	0.9999979807089248
753	0.9999979806377298
754	0.9999979805665299
755	0.9999979804953252
756	0.9999979804241154
757	0.9999979803529004
758	0.9999979802816804
759	0.9999979802104555
760	0.9999979801392256
761	0.9999979800679906
762	0.9999979799967506
763	0.9999979799255054
764	0.9999979798542554
765	0.9999979797830004
766	0.9999979797117402
767	0.9999979796404751
768	0.9999979795692049
769	0.9999979794979297
770	0.9999979794266495
771	0.9999979793553642
772	0.999997979284074
773	0.9999979792127786
774	0.9999979791414781
775	0.9999979790701728
776	0.9999979789988624
777	0.999997978927547
778	0.9999979788562265
779	0.999997978784901
780	0.9999979787135704
781	0.9999979786422349
782	0.9999979785708942
783	0.9999979784995485
784	0.999997978428198
785	0.9999979783568421
786	0.9999979782854814
787	0.9999979782141155
788	0.9999979781427448
789	0.9999979780713688
790	0.9999979779999879
791	0.9999979779286021
792	0.999997977857211
793	0.999997977785815
794	0.999997977714414
795	0.9999979776430078
796	0.9999979775715966
797	0.9999979775001804
798	0.9999979774287592
799	0.9999979773573328
800	0.9999979772859016
801	0.999997977214465
802	0.9999979771430236
803	0.9999979770715771
804	0.9999979770001257
805	0.999997976928669
806	0.9999979768572075
807	0.9999979767857408
808	0.999997976714269
809	0.9999979766427923
810	0.9999979765713104
811	0.9999979764998235
812	0.9999979764283317
813	0.9999979763568347
814	0.9999979762853327
815	0.9999979762138256
816	0.9999979761423133
817	0.9999979760707961
818	0.9999979759992739
819	0.9999979759277466
820	0.9999979758562143
821	0.9999979757846769
822	0.9999979757131344
823	0.9999979756415869
824	0.9999979755700343
825	0.9999979754984767
826	0.9999979754269139
827	0.9999979753553462
828	0.9999979752837734
829	0.9999979752121956
830	0.9999979751406126
831	0.9999979750690245
832	0.9999979749974316
833	0.9999979749258333
834	0.9999979748542303
835	0.999997974782622
836	0.9999979747110087
837	0.9999979746393902
838	0.9999979745677667
839	0.9999979744961384
840	0.9999979744245047
841	0.9999979743528661
842	0.9999979742812223
843	0.9999979742095735
844	0.9999979741379197
845	0.9999979740662607
846	0.9999979739945968
847	0.9999979739229278
848	0.9999979738512537
849	0.9999979737795743
850	0.9999979737078901
851	0.9999979736362008
852	0.9999979735645064
853	0.9999979734928068
854	0.9999979734211023
855	0.9999979733493927
856	0.999997973277678
857	0.9999979732059582
858	0.9999979731342333
859	0.9999979730625033
860	0.9999979729907682
861	0.9999979729190283
862	0.999997972847283
863	0.9999979727755328
864	0.9999979727037774
865	0.9999979726320171
866	0.9999979725602515
867	0.999997972488481
868	0.9999979724167052
869	0.9999979723449245
870	0.9999979722731388
871	0.9999979722013479
872	0.9999979721295518
873	0.9999979720577507
874	0.9999979719859446
875	0.9999979719141333
876	0.9999979718423171
877	0.9999979717704957
878	0.999997971698669
879	0.9999979716268376
880	0.9999979715550008
881	0.999997971483159
882	0.9999979714113122
883	0.9999979713394602
884	0.9999979712676033
885	0.9999979711957412
886	0.999997971123874
887	0.9999979710520017
888	0.9999979709801242
889	0.9999979709082417
890	0.9999979708363542
891	0.9999979707644615
892	0.9999979706925637
893	0.9999979706206608
894	0.999997970548753
895	0.9999979704768397
896	0.9999979704049217
897	0.9999979703329983
898	0.9999979702610701
899	0.9999979701891365
900	0.9999979701171979
901	0.9999979700452544
902	0.9999979699733057
903	0.9999979699013517
904	0.9999979698293928
905	0.9999979697574287
906	0.9999979696854596
907	0.9999979696134853
908	0.9999979695415061
909	0.9999979694695216
910	0.9999979693975319
911	0.9999979693255373
912	0.9999979692535376
913	0.9999979691815327
914	0.9999979691095228
915	0.9999979690375076
916	0.9999979689654874
917	0.999997968893462
918	0.9999979688214317
919	0.9999979687493962
920	0.9999979686773555
921	0.9999979686053098
922	0.9999979685332588
923	0.999997968461203
924	0.9999979683891419
925	0.9999979683170757
926	0.9999979682450043
927	0.9999979681729279
928	0.9999979681008464
929	0.9999979680287596
930	0.9999979679566681
931	0.9999979678845711
932	0.9999979678124692
933	0.999997967740362
934	0.9999979676682497
935	0.9999979675961324
936	0.9999979675240099
937	0.9999979674518824
938	0.9999979673797498
939	0.9999979673076119
940	0.9999979672354689
941	0.9999979671633208
942	0.9999979670911676
943	0.9999979670190094
944	0.9999979669468458
945	0.9999979668746775
946	0.9999979668025037
947	0.9999979667303249
948	0.999997966658141
949	0.999997966585952
950	0.9999979665137576
951	0.9999979664415584
952	0.9999979663693541
953	0.9999979662971444
954	0.9999979662249298
955	0.99999796615271
956	0.999997966080485
957	0.999997966008255
958	0.9999979659360198
959	0.9999979658637794
960	0.9999979657915339
961	0.9999979657192833
962	0.9999979656470276
963	0.9999979655747667
964	0.9999979655025006
965	0.9999979654302296
966	0.9999979653579533
967	0.9999979652856719
968	0.9999979652133855
969	0.9999979651410936
970	0.9999979650687968
971	0.9999979649964948
972	0.9999979649241879
973	0.9999979648518758
974	0.9999979647795582
975	0.9999979647072357
976	0.9999979646349082
977	0.9999979645625753
978	0.9999979644902374
979	0.9999979644178943
980	0.9999979643455461
981	0.9999979642731927
982	0.9999979642008343
983	0.9999979641284706
984	0.9999979640561019
985	0.999997963983728
986	0.9999979639113488
987	0.9999979638389647
988	0.9999979637665751
989	0.9999979636941807
990	0.999997963621781
991	0.9999979635493763
992	0.9999979634769662
993	0.9999979634045513
994	0.999997963332131
995	0.9999979632597055
996	0.9999979631872751
997	0.9999979631148392
998	0.9999979630423983
999	0.9999979629699524
